{
  "cameras": [
    {
      "image": "img_0000",
      "rotation": [
        [
          0.6241405313768016,
          -0.12337089977519394,
          0.7715103487195377
        ],
        [
          -0.07388740119246429,
          -0.9923493602624156,
          -0.09891106678121536
        ],
        [
          0.7778105482941895,
          0.0047295111198954465,
          -0.6284810121927783
        ]
      ],
      "translation": [
        -1.4457166648559787,
        0.192896794536909,
        0.05157835740704575
      ],
      "center": [
        0.8764648198153089,
        0.012817704477195102,
        1.1668810142494266
      ]
    },
    {
      "image": "img_0001",
      "rotation": [
        [
          0.8807460075198537,
          -0.004266131255613759,
          0.4735697101398557
        ],
        [
          -0.003524992533071493,
          -0.9999907795906646,
          -0.002452582577028628
        ],
        [
          0.473575806672468,
          0.0004907726206985208,
          -0.8807529247619654
        ]
      ],
      "translation": [
        1.030233396250146,
        -0.6038805784156426,
        0.5263794479401455
      ],
      "center": [
        -1.1587831967647801,
        -0.5997382321183474,
        -0.02575815951593711
      ]
    },
    {
      "image": "img_0002",
      "rotation": [
        [
          0.9605720636015647,
          0.014967351610823753,
          0.27762796871711093
        ],
        [
          0.02672688910515972,
          -0.9988964370861924,
          -0.03862099655979132
        ],
        [
          0.2767435347519281,
          0.044518382296180464,
          -0.9599120426428349
        ]
      ],
      "translation": [
        2.313815866289952,
        -0.404975819034777,
        -0.9255582050995156
      ],
      "center": [
        -1.9556208883726778,
        -0.39795624436137894,
        -1.5464750358991544
      ]
    },
    {
      "image": "img_0003",
      "rotation": [
        [
          0.907875863990875,
          0.1358284240990958,
          -0.39662583726930717
        ],
        [
          0.11191339172530497,
          -0.9902497112305986,
          -0.08295120348888707
        ],
        [
          -0.40402575206954466,
          0.030921652841858993,
          -0.914224831783827
        ]
      ],
      "translation": [
        3.926748076057859,
        -0.21863606744911723,
        -1.0455019623998683
      ],
      "center": [
        -3.9629412150126133,
        -0.7175396569343663,
        0.5834897627864271
      ]
    },
    {
      "image": "img_0004",
      "rotation": [
        [
          -0.10727116286800384,
          -0.1998810416619167,
          0.9739304219507126
        ],
        [
          -0.32087762226295125,
          -0.9202028969800419,
          -0.2241967437774537
        ],
        [
          0.9410262744194875,
          -0.33656232346132503,
          0.034573881449637356
        ]
      ],
      "translation": [
        -0.4251943050248596,
        1.6759202959514445,
        -5.6530897613761955
      ],
      "center": [
        5.811860229229042,
        -0.4454185939791151,
        0.9852947973207412
      ]
    },
    {
      "image": "img_0005",
      "rotation": [
        [
          0.3523965786617922,
          0.29852540681054623,
          -0.8869606715272447
        ],
        [
          0.14795530192611145,
          -0.9536109994423072,
          -0.26217416038694047
        ],
        [
          -0.9240811003258406,
          -0.03884125681851425,
          -0.3802176702749911
        ]
      ],
      "translation": [
        5.108892158211838,
        0.02597786261264933,
        -2.2033082841743514
      ],
      "center": [
        -3.840235223409035,
        -1.585940597267951,
        3.7004604010206053
      ]
    },
    {
      "image": "img_0006",
      "rotation": [
        [
          -0.3825021407486111,
          0.24635639374040785,
          -0.8905058335496467
        ],
        [
          0.09730967651181416,
          -0.9476969188280449,
          -0.30397594789883586
        ],
        [
          -0.9188160529615792,
          -0.20292628540199265,
          0.3385232392510939
        ]
      ],
      "translation": [
        4.862148470008297,
        0.22085911676331293,
        -3.700541916529784
      ],
      "center": [
        -1.561826848355939,
        -1.7394510835457704,
        5.64962687206522
      ]
    },
    {
      "image": "img_0007",
      "rotation": [
        [
          0.9696150489990458,
          0.2303375825878423,
          -0.0824090699023288
        ],
        [
          0.18576317440404444,
          -0.9124337310401789,
          -0.3646323209692628
        ],
        [
          -0.1591813424679869,
          0.3382444153385059,
          -0.9274977173569765
        ]
      ],
      "translation": [
        4.923057191849249,
        1.7882174093567351,
        -0.9670435963180968
      ],
      "center": [
        -5.259590580673684,
        0.8247618860615823,
        0.16081570045793975
      ]
    },
    {
      "image": "img_0008",
      "rotation": [
        [
          0.9761902850198683,
          0.025336158439945692,
          0.2154312106179936
        ],
        [
          0.033140665822550534,
          -0.9989158727788586,
          -0.03269213023479034
        ],
        [
          0.21436936278691135,
          0.039053273690645054,
          -0.9759716277189502
        ]
      ],
      "translation": [
        2.3689097822481604,
        -0.42712427943630865,
        -1.2722759539427673
      ],
      "center": [
        -2.0256145469738684,
        -0.43699375491178455,
        -1.7660059384815043
      ]
    },
    {
      "image": "img_0009",
      "rotation": [
        [
          0.8799340867679923,
          0.12142127893700286,
          -0.45931783762997963
        ],
        [
          0.13566535380141215,
          -0.9907526852834542,
          -0.0020070828488645276
        ],
        [
          -0.4553140835969337,
          -0.060547416335687665,
          -0.8882697201038414
        ]
      ],
      "translation": [
        4.074525188072567,
        -0.252501748259521,
        -1.3497263957904908
      ],
      "center": [
        -4.165607298372652,
        -0.8266232905488843,
        0.6720742190205516
      ]
    },
    {
      "image": "img_0010",
      "rotation": [
        [
          0.861828213240525,
          0.16702058940690342,
          -0.4789115300103092
        ],
        [
          0.16017689798266377,
          -0.9855292734505747,
          -0.055456402016655415
        ],
        [
          -0.4812436931693715,
          -0.028916671422419937,
          -0.8761097727445754
        ]
      ],
      "translation": [
        3.985315807908047,
        -0.2852179487225215,
        -1.3932495179459834
      ],
      "center": [
        -4.059464819176031,
        -0.9870085715089104,
        0.6721570113686478
      ]
    },
    {
      "image": "img_0013",
      "rotation": [
        [
          0.9941826439230286,
          0.0871336794590325,
          0.0633134458558969
        ],
        [
          0.08144180607556745,
          -0.9928285986716254,
          0.08751346115247916
        ],
        [
          0.07048476959859258,
          -0.08184800280805493,
          -0.9941492854149047
        ]
      ],
      "translation": [
        5.275679708415057,
        -0.8437982307454367,
        1.8855835193059922
      ],
      "center": [
        -5.309173669045062,
        -1.1431051544511694,
        1.614373750423254
      ]
    },
    {
      "image": "img_0014",
      "rotation": [
        [
          0.8906931864796388,
          0.16117659112025925,
          -0.4250738218634512
        ],
        [
          0.17898341311616228,
          -0.9838500798040386,
          0.001989547405009562
        ],
        [
          -0.41788824509435285,
          -0.0778532397812724,
          -0.9051564989920375
        ]
      ],
      "translation": [
        5.942091615975254,
        -1.0044241945717467,
        2.9063465873218233
      ],
      "center": [
        -3.898277170214164,
        -1.7196603970234356,
        5.1585244444528895
      ]
    },
    {
      "image": "img_0018",
      "rotation": [
        [
          -0.24032004102022214,
          -0.04868690069901405,
          0.9694719509012955
        ],
        [
          -0.2755985146851162,
          -0.9542191076103509,
          -0.11623834726399485
        ],
        [
          0.930747944712959,
          -0.29511943407988467,
          0.21589993756592896
        ]
      ],
      "translation": [
        -0.1226663382741966,
        -0.052639129259382876,
        -3.389585622041111
      ],
      "center": [
        3.110863405859301,
        -1.0565340973200283,
        0.8446142130631235
      ]
    },
    {
      "image": "img_0019",
      "rotation": [
        [
          0.2995829960878769,
          -0.06091358272451446,
          0.9521237124946923
        ],
        [
          -0.11318738410157496,
          -0.9931811229511548,
          -0.027926208008352896
        ],
        [
          0.9473323833455993,
          -0.09940217529383856,
          -0.3044348255564718
        ]
      ],
      "translation": [
        0.8764676052695536,
        -0.04392986323300312,
        -3.429705454288379
      ],
      "center": [
        2.9815239447205086,
        -0.33116171169130837,
        -1.8798541663953658
      ]
    },
    {
      "image": "img_0020",
      "rotation": [
        [
          0.49110555882413787,
          -0.026777673487456757,
          0.8706883979327102
        ],
        [
          -0.07810286751425102,
          -0.9968553070933333,
          0.013395477069020445
        ],
        [
          0.8675916505926525,
          -0.07458185384163135,
          -0.49165259574160974
        ]
      ],
      "translation": [
        1.0673308267597985,
        -0.16762884901544847,
        -2.2689080823207886
      ],
      "center": [
        1.431221312271383,
        -0.30774044235667086,
        -2.042581647384725
      ]
    },
    {
      "image": "img_0021",
      "rotation": [
        [
          -0.05031614474404267,
          -0.035633055087663235,
          0.9980974756822176
        ],
        [
          -0.12181387946018586,
          -0.9916831128918582,
          -0.041544944048265975
        ],
        [
          0.9912767849339335,
          -0.1236725070103852,
          0.0455570703712426
        ]
      ],
      "translation": [
        1.0952674725920621,
        -0.17868392078751258,
        -2.172941612065482
      ],
      "center": [
        2.18733003015353,
        -0.4069032373550101,
        -1.0016142591489532
      ]
    },
    {
      "image": "img_0022",
      "rotation": [
        [
          0.9455298458750834,
          0.31422859937941594,
          0.0850511486782579
        ],
        [
          0.27955676319687006,
          -0.9176472113382201,
          0.28243868657476284
        ],
        [
          0.1667972622986653,
          -0.24327758395552693,
          -0.9555075564507232
        ]
      ],
      "translation": [
        2.936119753086018,
        -0.6494738666456872,
        -3.050903694359516
      ],
      "center": [
        -2.085741661909735,
        -2.260817159831696,
        -2.9814453457607932
      ]
    },
    {
      "image": "img_0023",
      "rotation": [
        [
          0.9540711494313638,
          0.29698673184436175,
          0.03933348358741114
        ],
        [
          0.2659340545487907,
          -0.900041246859376,
          0.3452605285622149
        ],
        [
          0.1379395536238855,
          -0.3189429965687045,
          -0.9376822726733285
        ]
      ],
      "translation": [
        2.9776795422363795,
        -0.5248792266681882,
        -3.2603616326430513
      ],
      "center": [
        -2.2516020543441897,
        -2.3966137783624273,
        -2.9930857356059994
      ]
    },
    {
      "image": "img_0024",
      "rotation": [
        [
          0.5970188049349696,
          0.009280244352012634,
          0.8021735620293082
        ],
        [
          -0.05601494404652028,
          -0.9970103241412331,
          0.05322348728952847
        ],
        [
          0.8002692500636812,
          -0.07670912996873536,
          -0.5947140798585091
        ]
      ],
      "translation": [
        -0.1880759787610844,
        -0.5247214717576382,
        -0.3788322114839508
      ],
      "center": [
        0.3860604219806327,
        -0.5504672229483668,
        -0.046499765675879
      ]
    },
    {
      "image": "img_0025",
      "rotation": [
        [
          0.7542306852420674,
          0.00307990424671048,
          0.6566023055313717
        ],
        [
          -0.007672196940766485,
          -0.9998793951337974,
          0.013503058208183039
        ],
        [
          0.6565647042244841,
          -0.015222003045019195,
          -0.7541160917192481
        ]
      ],
      "translation": [
        -0.271432919537848,
        -0.6697625495872352,
        0.6885838583832958
      ],
      "center": [
        -0.2525153705968798,
        -0.6583641599739115,
        0.706539491563371
      ]
    }
  ]
}