<?xml version="1.0" encoding="UTF-8"?>
<document version="2.0.0">
  <chunk label="Chunk 1" enabled="true">
    <sensors next_id="2">
      <sensor id="0" label="unknown" type="frame">
        <resolution width="3213" height="5712"/>
        <property name="layer_index" value="0"/>
        <bands>
          <band label="Gray"/>
        </bands>
        <data_type>uint8</data_type>
        <calibration type="frame" class="adjusted">
          <resolution width="3213" height="5712"/>
          <f>4011.4273384638423</f>
          <k1>-0.0047349664619616557</k1>
        </calibration>
        <covariance>
          <params>f k1</params>
          <coeffs>14.735912839843172 0.0013608474195525009 0.0013608474195525009 5.1318495323882154e-07</coeffs>
        </covariance>
      </sensor>
      <sensor id="1" label="unknown" type="frame">
        <resolution width="2268" height="4032"/>
        <property name="layer_index" value="0"/>
        <bands>
          <band label="Gray"/>
        </bands>
        <data_type>uint8</data_type>
        <calibration type="frame" class="adjusted">
          <resolution width="2268" height="4032"/>
          <f>2837.155408533979</f>
          <k1>-0.031463748124491889</k1>
        </calibration>
        <covariance>
          <params>f k1</params>
          <coeffs>9.711815994095593 0.0012467583647245294 0.0012467583647245294 1.6171436771117451e-06</coeffs>
        </covariance>
      </sensor>
    </sensors>
    <components next_id="1" active_id="0">
      <component id="0" label="Component 1">
        <region>
          <center>4.2960353207848581 0.19228557737230245 -3.8092365196698164</center>
          <size>6.7446367581685394 5.5049101670583092 3.0620766480763759</size>
          <R>-0.2915225364399231 -0.6608039044948143 0.69163054483737352 0.90924189414375878 0.033176862672571562 0.41494394045108707 -0.29714270760276745 0.74982497663629055 0.59115879062302934</R>
        </region>
        <partition>
          <camera_ids>0 1 2 3 4 5 6 7 8 9 10 11 12 13 14 15 16 17 18 19 20 21 22 23 24 25</camera_ids>
        </partition>
      </component>
    </components>
    <cameras next_id="26" next_group_id="0">
      <camera id="0" sensor_id="0" component_id="0" label="img_0000">
        <transform>0.62414053137680159 -0.12337089977519394 0.77151034871953772 -1.4457166648559787 -0.073887401192464286 -0.9923493602624156 -0.098911066781215362 0.192896794536909 0.7778105482941895 0.0047295111198954465 -0.6284810121927783 0.05157835740704575 0 0 0 1</transform>
      </camera>
      <camera id="1" sensor_id="0" component_id="0" label="img_0001">
        <transform>0.88074600751985366 -0.0042661312556137587 0.47356971013985572 1.030233396250146 -0.003524992533071493 -0.99999077959066462 -0.002452582577028628 -0.60388057841564258 0.47357580667246801 0.00049077262069852079 -0.88075292476196543 0.52637944794014546 0 0 0 1</transform>
        <rotation_covariance>2.0878387598099864e-07 -1.8494893489163447e-07 -7.0182439932001989e-08 -1.8494893489163447e-07 5.8279571974554494e-07 3.6095585402998395e-08 -7.0182439932001989e-08 3.6095585402998395e-08 1.0970425810553617e-07</rotation_covariance>
        <location_covariance>3.1227185924880971e-05 1.784055373795187e-07 -3.9038218893858251e-06 1.784055373795187e-07 3.6958737174767706e-06 1.6495733727786488e-06 -3.9038218893858251e-06 1.6495733727786488e-06 7.2347098395289333e-06</location_covariance>
      </camera>
      <camera id="2" sensor_id="0" component_id="0" label="img_0002">
        <transform>0.96057206360156466 0.014967351610823753 0.27762796871711093 2.3138158662899522 0.026726889105159721 -0.99889643708619236 -0.038620996559791322 -0.40497581903477697 0.27674353475192809 0.044518382296180464 -0.95991204264283492 -0.92555820509951559 0 0 0 1</transform>
        <rotation_covariance>2.0853299484854192e-07 -1.6603822365376481e-07 -9.6661271480259672e-08 -1.6603822365376479e-07 5.9345587079750092e-07 1.0539752149926077e-07 -9.6661271480259672e-08 1.0539752149926077e-07 1.8273630239419197e-07</rotation_covariance>
        <location_covariance>0.00011065472655599942 -5.2477777911666228e-07 -5.1954005405137632e-05 -5.2477777911666228e-07 2.0542966968216955e-06 1.4949291585807103e-06 -5.1954005405137632e-05 1.4949291585807103e-06 2.9101959782875553e-05</location_covariance>
      </camera>
      <camera id="3" sensor_id="0" component_id="0" label="img_0003">
        <transform>0.90787586399087505 0.13582842409909579 -0.39662583726930717 3.926748076057859 0.11191339172530497 -0.99024971123059857 -0.082951203488887071 -0.21863606744911723 -0.40402575206954466 0.030921652841858993 -0.91422483178382696 -1.0455019623998683 0 0 0 1</transform>
        <rotation_covariance>1.6542810987635629e-07 -2.9116281938480228e-07 1.5362767266909828e-09 -2.9116281938480223e-07 2.6976406290566471e-06 1.3551276318472059e-07 1.536276726690996e-09 1.3551276318472059e-07 4.5496199181103629e-07</rotation_covariance>
        <location_covariance>0.00026159713124838653 2.7139787671981163e-06 -7.3091095212472572e-05 2.7139787671981163e-06 1.8298944985376745e-06 2.8385531732375612e-07 -7.3091095212472572e-05 2.8385531732375612e-07 2.4164640785673079e-05</location_covariance>
      </camera>
      <camera id="4" sensor_id="0" component_id="0" label="img_0004">
        <transform>-0.10727116286800384 -0.1998810416619167 0.97393042195071255 -0.42519430502485961 -0.32087762226295125 -0.92020289698004187 -0.22419674377745369 1.6759202959514445 0.9410262744194875 -0.33656232346132503 0.034573881449637356 -5.6530897613761955 0 0 0 1</transform>
        <rotation_covariance>7.5951437786577318e-07 6.2395519741836223e-06 3.163148500253877e-06 6.2395519741836207e-06 6.9797287703263322e-05 3.3214214084022724e-05 3.1631485002538774e-06 3.3214214084022717e-05 1.7308605583201059e-05</rotation_covariance>
        <location_covariance>0.00038008204689023595 0.00037010026701694501 -0.0012193947108301126 0.00037010026701694501 0.00040605361562131887 -0.0013845510077175524 -0.0012193947108301126 -0.0013845510077175524 0.0049003725332881637</location_covariance>
      </camera>
      <camera id="5" sensor_id="0" component_id="0" label="img_0005">
        <transform>0.35239657866179219 0.29852540681054623 -0.88696067152724467 5.1088921582118383 0.14795530192611145 -0.95361099944230721 -0.26217416038694047 0.025977862612649331 -0.92408110032584057 -0.038841256818514247 -0.38021767027499109 -2.2033082841743514 0 0 0 1</transform>
        <rotation_covariance>5.5159508057290268e-07 -1.4431688114479096e-06 1.7289363829576506e-07 -1.4431688114479096e-06 1.0777645632879479e-05 2.9630250708675096e-07 1.7289363829576508e-07 2.9630250708675117e-07 7.2173835783605659e-07</rotation_covariance>
        <location_covariance>0.00044442601205257112 9.4801810967416141e-06 -0.00018544282629176455 9.4801810967416141e-06 3.0614527476545761e-06 -5.8331704187256992e-06 -0.00018544282629176455 -5.8331704187256992e-06 0.00011567025568990559</location_covariance>
      </camera>
      <camera id="6" sensor_id="0" component_id="0" label="img_0006">
        <transform>-0.38250214074861111 0.24635639374040785 -0.89050583354964674 4.8621484700082966 0.097309676511814158 -0.94769691882804485 -0.30397594789883586 0.22085911676331293 -0.9188160529615792 -0.20292628540199265 0.3385232392510939 -3.7005419165297839 0 0 0 1</transform>
        <rotation_covariance>1.4615698857131603e-06 -2.8051156430189326e-06 1.2163174549004084e-09 -2.8051156430189322e-06 1.6069121184614858e-05 8.1084046297051146e-07 1.2163174549005937e-09 8.1084046297051125e-07 7.0732532533920912e-07</rotation_covariance>
        <location_covariance>0.00045066884178820662 1.5297318753048905e-05 -0.00025266305655254078 1.5297318753048905e-05 4.7692480222556836e-06 -7.8445413553176986e-06 -0.00025266305655254078 -7.8445413553176986e-06 0.00024543884868398252</location_covariance>
      </camera>
      <camera id="7" sensor_id="0" component_id="0" label="img_0007">
        <transform>0.96961504899904583 0.23033758258784229 -0.082409069902328796 4.9230571918492494 0.18576317440404444 -0.91243373104017889 -0.36463232096926279 1.7882174093567351 -0.1591813424679869 0.33824441533850591 -0.9274977173569765 -0.96704359631809678 0 0 0 1</transform>
        <rotation_covariance>8.3055296482388526e-06 1.0296373756303348e-06 1.6716231200311702e-07 1.0296373756303346e-06 3.1631891095567088e-05 7.4866526927998953e-07 1.671623120031167e-07 7.4866526927998953e-07 4.947345183301305e-06</rotation_covariance>
        <location_covariance>-31719.409789058416 -63892.028032265735 -2497.8729274240382 -63892.028032265735 -128696.94537851053 -5031.4346870157333 -2497.8729274240382 -5031.4346870157333 -196.70432515596283</location_covariance>
      </camera>
      <camera id="8" sensor_id="0" component_id="0" label="img_0008">
        <transform>0.97619028501986826 0.025336158439945692 0.21543121061799361 2.3689097822481604 0.033140665822550534 -0.99891587277885863 -0.03269213023479034 -0.42712427943630865 0.21436936278691135 0.039053273690645054 -0.97597162771895019 -1.2722759539427673 0 0 0 1</transform>
        <rotation_covariance>2.1975719029468921e-06 -2.2271521084797958e-06 -9.7670113225448711e-08 -2.2271521084797958e-06 1.7156253064489794e-05 -4.6101478866062371e-06 -9.7670113225448658e-08 -4.610147886606238e-06 3.5084977882927583e-06</rotation_covariance>
        <location_covariance>-77549.975228851996 -10378.648262405015 -11288.923573880882 -10378.648262405015 -1388.9925302983856 -1510.8161650240365 -11288.923573880882 -1510.8161650240365 -1643.3242484789396</location_covariance>
      </camera>
      <camera id="9" sensor_id="0" component_id="0" label="img_0009">
        <transform>0.87993408676799234 0.12142127893700286 -0.45931783762997963 4.0745251880725668 0.13566535380141215 -0.99075268528345417 -0.0020070828488645276 -0.25250174825952099 -0.45531408359693371 -0.060547416335687665 -0.88826972010384142 -1.3497263957904908 0 0 0 1</transform>
        <rotation_covariance>4.0194811612456751e-06 -6.0271983368626509e-06 1.0921644254107565e-06 -6.0271983368626509e-06 1.2198649124162053e-05 -1.9983644893653554e-06 1.0921644254107567e-06 -1.9983644893653546e-06 3.0321485318115547e-06</rotation_covariance>
        <location_covariance>-697.8322172145198 159.92036771394612 1436.6073502724175 159.92036771394612 -36.648492761529695 -329.22336085659816 1436.6073502724175 -329.22336085659816 -2957.5016936557399</location_covariance>
      </camera>
      <camera id="10" sensor_id="0" component_id="0" label="img_0010">
        <transform>0.86182821324052505 0.16702058940690342 -0.47891153001030923 3.9853158079080471 0.16017689798266377 -0.98552927345057473 -0.055456402016655415 -0.28521794872252149 -0.48124369316937149 -0.028916671422419937 -0.87610977274457535 -1.3932495179459834 0 0 0 1</transform>
        <rotation_covariance>4.4014748292439414e-06 -6.3348943747329709e-06 7.769794079950694e-07 -6.3348943747329709e-06 1.1988720984023004e-05 -1.3160540258680851e-06 7.7697940799506962e-07 -1.3160540258680849e-06 2.8052511451425948e-06</rotation_covariance>
        <location_covariance>-109.6105563065997 124.60951224549383 650.81745928166424 124.60951224549383 -141.66055322769702 -739.87266780621144 650.81745928166424 -739.87266780621144 -3864.248197554316</location_covariance>
      </camera>
      <camera id="11" sensor_id="0" label="img_0011"/>
      <camera id="12" sensor_id="0" label="img_0012"/>
      <camera id="13" sensor_id="1" component_id="0" label="img_0013">
        <transform>0.99418264392302858 0.087133679459032498 0.063313445855896905 5.2756797084150566 0.081441806075567447 -0.99282859867162543 0.087513461152479155 -0.84379823074543669 0.070484769598592581 -0.081848002808054932 -0.99414928541490466 1.8855835193059922 0 0 0 1</transform>
        <rotation_covariance>1.2028583140652556e-05 -1.0660188081280071e-05 3.806668403848493e-06 -1.0660188081280069e-05 3.7611460524292335e-05 -5.416940666112927e-06 3.806668403848493e-06 -5.4169406661129261e-06 1.0792000001098837e-05</rotation_covariance>
        <location_covariance>-58145.588157733939 26947.564822320102 -126344.20685403486 26947.564822320102 -12488.844429230559 58554.204189667267 -126344.20685403486 58554.204189667267 -274532.57021890103</location_covariance>
      </camera>
      <camera id="14" sensor_id="1" component_id="0" label="img_0014">
        <transform>0.8906931864796388 0.16117659112025925 -0.42507382186345122 5.9420916159752544 0.17898341311616228 -0.9838500798040386 0.0019895474050095618 -1.0044241945717467 -0.41788824509435285 -0.077853239781272399 -0.90515649899203754 2.9063465873218233 0 0 0 1</transform>
        <rotation_covariance>1.6323129441513629e-05 -1.3200450663450289e-05 9.509742341805707e-07 -1.3200450663450291e-05 3.4530838742352227e-05 1.8136805275908206e-06 9.509742341805707e-07 1.813680527590821e-06 6.6164166880180073e-06</rotation_covariance>
        <location_covariance>-129788.15949781144 50604.769946306311 -254499.12301895293 50604.769946306311 -19730.941790293 99229.926069517998 -254499.12301895293 99229.926069517998 -499042.45362740656</location_covariance>
      </camera>
      <camera id="15" sensor_id="0" label="img_0015"/>
      <camera id="16" sensor_id="0" label="img_0016"/>
      <camera id="17" sensor_id="1" label="img_0017"/>
      <camera id="18" sensor_id="1" component_id="0" label="img_0018">
        <transform>-0.24032004102022214 -0.048686900699014053 0.96947195090129545 -0.1226663382741966 -0.2755985146851162 -0.95421910761035089 -0.11623834726399485 -0.052639129259382876 0.93074794471295896 -0.29511943407988467 0.21589993756592896 -3.3895856220411109 0 0 0 1</transform>
        <rotation_covariance>402806074.35935318 756396079.48469472 -142833715.06434694 756396079.48469472 4233879791.9023838 -584143894.19347978 -142833715.06434697 -584143894.1934799 86123923.722646862</rotation_covariance>
        <location_covariance>5523804899.0450096 1413676701.100359 -17515684804.87698 1413676701.100359 3590642368.2315259 -3473355720.2342582 -17515684804.87698 -3473355720.2342582 55849064229.270958</location_covariance>
      </camera>
      <camera id="19" sensor_id="0" component_id="0" label="img_0019">
        <transform>0.29958299608787692 -0.060913582724514463 0.9521237124946923 0.87646760526955358 -0.11318738410157496 -0.99318112295115479 -0.027926208008352896 -0.043929863233003123 0.94733238334559933 -0.09940217529383856 -0.30443482555647178 -3.4297054542883791 0 0 0 1</transform>
        <rotation_covariance>2.8431853984186863e-07 -1.9217138400232696e-07 2.0018095731981959e-09 -1.9217138400232696e-07 9.9279532163900453e-07 3.3286317031089732e-08 2.0018095731982025e-09 3.3286317031089719e-08 1.3485764712319485e-07</rotation_covariance>
        <location_covariance>5.6346407268849957e-05 5.7510852907629731e-06 -0.00010011127811088499 5.7510852907629731e-06 4.5045121257152927e-06 -1.5529766116466273e-05 -0.00010011127811088499 -1.5529766116466273e-05 0.00021385699296401609</location_covariance>
      </camera>
      <camera id="20" sensor_id="0" component_id="0" label="img_0020">
        <transform>0.49110555882413787 -0.026777673487456757 0.87068839793271025 1.0673308267597985 -0.078102867514251023 -0.99685530709333325 0.013395477069020445 -0.16762884901544847 0.86759165059265253 -0.074581853841631351 -0.49165259574160974 -2.2689080823207886 0 0 0 1</transform>
        <rotation_covariance>2.6613516632024575e-07 -1.4949228500096776e-07 -7.1582886782582869e-09 -1.4949228500096776e-07 6.2768479853045317e-07 -3.7366419386721326e-08 -7.1582886782583001e-09 -3.7366419386721326e-08 9.487912927726033e-08</rotation_covariance>
        <location_covariance>5.3910834605409181e-05 4.9093635679636046e-06 -7.2716027962996027e-05 4.9093635679636046e-06 3.4569057321225931e-06 -7.2029099868979207e-06 -7.2716027962996027e-05 -7.2029099868979207e-06 0.00010978773345863366</location_covariance>
      </camera>
      <camera id="21" sensor_id="1" component_id="0" label="img_0021">
        <transform>-0.050316144744042668 -0.035633055087663235 0.99809747568221763 1.0952674725920621 -0.12181387946018586 -0.99168311289185818 -0.041544944048265975 -0.17868392078751258 0.99127678493393345 -0.12367250701038519 0.045557070371242597 -2.1729416120654821 0 0 0 1</transform>
        <rotation_covariance>2.6308491663179901e-07 2.5694138383872158e-08 6.129379557235806e-08 2.5694138383872198e-08 3.6369267308268706e-06 -2.0799233513675548e-07 6.129379557235806e-08 -2.0799233513675551e-07 7.0277900917088948e-07</rotation_covariance>
        <location_covariance>5.2981608368048009e-05 4.643378921728846e-06 -6.8221066193588557e-05 4.643378921728846e-06 4.1280378468498616e-06 -7.8854859894722861e-06 -6.8221066193588557e-05 -7.8854859894722861e-06 0.0001098430170876168</location_covariance>
      </camera>
      <camera id="22" sensor_id="1" component_id="0" label="img_0022">
        <transform>0.94552984587508337 0.31422859937941594 0.085051148678257901 2.9361197530860181 0.27955676319687006 -0.91764721133822014 0.28243868657476284 -0.64947386664568718 0.16679726229866529 -0.24327758395552693 -0.95550755645072316 -3.050903694359516 0 0 0 1</transform>
        <rotation_covariance>5.7740477741468929e-05 5.2986575440678855e-05 6.3144467528432054e-07 5.2986575440678862e-05 7.812286979357192e-05 -9.8008030650988757e-06 6.314446752843197e-07 -9.800803065098874e-06 1.0978819249762345e-05</rotation_covariance>
        <location_covariance>-31358.724810544183 -13638.337818228283 -63481.772065900019 -13638.337818228283 -5931.4989776867551 -27609.089928726175 -63481.772065900019 -27609.089928726175 -128510.81512486731</location_covariance>
      </camera>
      <camera id="23" sensor_id="1" component_id="0" label="img_0023">
        <transform>0.95407114943136384 0.29698673184436175 0.039333483587411143 2.9776795422363795 0.26593405454879071 -0.90004124685937603 0.3452605285622149 -0.5248792266681882 0.13793955362388549 -0.31894299656870451 -0.93768227267332849 -3.2603616326430513 0 0 0 1</transform>
        <rotation_covariance>6.0723186128123583e-05 5.3067052927222032e-05 -5.0581671559808884e-06 5.3067052927222038e-05 7.3737011732086767e-05 -1.5921321928150044e-05 -5.0581671559808918e-06 -1.5921321928150044e-05 1.3204750456153753e-05</rotation_covariance>
        <location_covariance>-28782.735207537797 -9287.5437476475636 -67170.82857470079 -9287.5437476475636 -2996.8818159134353 -21674.521577339488 -67170.82857470079 -21674.521577339488 -156757.86417040942</location_covariance>
      </camera>
      <camera id="24" sensor_id="1" component_id="0" label="img_0024">
        <transform>0.59701880493496962 0.0092802443520126343 0.80217356202930823 -0.18807597876108439 -0.056014944046520278 -0.99701032414123314 0.053223487289528471 -0.52472147175763817 0.80026925006368121 -0.076709129968735357 -0.5947140798585091 -0.3788322114839508 0 0 0 1</transform>
        <rotation_covariance>2.3867015703361518e-07 -1.3974347008505422e-07 -2.6866435489142151e-08 -1.3974347008505422e-07 5.2649543428100447e-07 -5.2285767236095212e-08 -2.6866435489142165e-08 -5.2285767236095218e-08 6.3013785161917361e-08</rotation_covariance>
        <location_covariance>1.0600422041204661e-05 2.186272652935016e-06 -1.3616628750612699e-05 2.186272652935016e-06 4.5171214390262443e-06 -6.9622039425833515e-08 -1.3616628750612699e-05 -6.9622039425833515e-08 3.2714926180691974e-05</location_covariance>
      </camera>
      <camera id="25" sensor_id="1" component_id="0" label="img_0025">
        <transform>0.75423068524206738 0.0030799042467104798 0.65660230553137167 -0.27143291953784798 -0.0076721969407664847 -0.99987939513379742 0.013503058208183039 -0.66976254958723525 0.6565647042244841 -0.015222003045019195 -0.75411609171924809 0.68858385838329583 0 0 0 1</transform>
        <rotation_covariance>2.1652788257028482e-07 -1.6781467256889938e-07 -5.6871251813969775e-08 -1.6781467256889941e-07 4.4595773000533724e-07 -1.5442269878518495e-08 -5.6871251813969781e-08 -1.5442269878518499e-08 4.7774276916558679e-08</rotation_covariance>
        <location_covariance>7.4220369810363627e-06 2.6340649208998464e-06 -1.0114946663823869e-05 2.6340649208998469e-06 4.6489231773435432e-06 1.440014877296227e-06 -1.0114946663823867e-05 1.4400148772962272e-06 2.0596462230794392e-05</location_covariance>
      </camera>
    </cameras>
    <reference>LOCAL_CS["Local Coordinates (m)",LOCAL_DATUM["Local Datum",0],UNIT["metre",1,AUTHORITY["EPSG","9001"]]]</reference>
    <region>
      <center>4.2960353207848581 0.19228557737230245 -3.8092365196698164</center>
      <size>6.7446367581685394 5.5049101670583092 3.0620766480763759</size>
      <R>-0.2915225364399231 -0.6608039044948143 0.69163054483737352 0.90924189414375878 0.033176862672571562 0.41494394045108707 -0.29714270760276745 0.74982497663629055 0.59115879062302934</R>
    </region>
    <settings>
      <property name="accuracy_tiepoints" value="1"/>
      <property name="accuracy_cameras" value="10"/>
      <property name="accuracy_cameras_ypr" value="10"/>
      <property name="accuracy_markers" value="0.0050000000000000001"/>
      <property name="accuracy_scalebars" value="0.001"/>
      <property name="accuracy_projections" value="0.5"/>
    </settings>
    <meta>
      <property name="AlignCameras/adaptive_fitting" value="true"/>
      <property name="AlignCameras/align_laser_scans" value="false"/>
      <property name="AlignCameras/duration" value="2.679049"/>
      <property name="AlignCameras/min_image" value="2"/>
      <property name="AlignCameras/ram_used" value="7077888"/>
      <property name="AlignCameras/reset_alignment" value="false"/>
      <property name="AlignCameras/subdivide_task" value="true"/>
      <property name="Info/LastSavedDateTime" value="2025:12:09 10:33:15"/>
      <property name="Info/LastSavedSoftwareVersion" value="2.2.3.21752"/>
      <property name="OptimizeCameras/sigma0" value="0.51109233215932"/>
    </meta>
  </chunk>
</document>
